  NL   EL[MeV]    S/P  F    T1/2[s] Ng s unc             s-info  nd m       p      mode
                                         Nf    Eg[MeV]     Pg        Pe         Icc
  1   0.000000   0.0  1 -1.000E+00  0 u                      0+  0                                                                                                                                                                                                                              0.000000  0    
  2   0.834855   2.0  1  8.000E-12  1 u                      2+  0                                                                                                                                                                                                                              0.000000  0    
                                          1     0.8348  9.998E-01  1.000E+00  2.452E-04
  3   1.823930   4.0  1  1.900E-12  1 u                      4+  0                                                                                                                                                                                                                              0.000000  0    
                                          2     0.9891  9.998E-01  1.000E+00  1.638E-04
  4   2.619680   2.0  1  7.800E-14  2 u                      2+  0                                                                                                                                                                                                                              0.000000       
                                          2     1.7847  9.585E-01  9.588E-01  2.163E-04
                                          1     2.6196  4.122E-02  4.124E-02  6.350E-04
  5   2.829620   0.0  1  1.500E-13  1 u                      0+  0                                                                                                                                                                                                                              0.000000       
                                          2     1.9946  9.997E-01  1.000E+00  3.470E-04
  6   3.074070   2.0  1  7.100E-15  2 u                      2+  0                                                                                                                                                                                                                              0.000000       
                                          2     2.2391  9.887E-01  9.891E-01  3.820E-04
                                          1     3.0740  1.088E-02  1.089E-02  8.320E-04
  7   3.159570   4.0  1  2.400E-13  2 u                      4+  0                                                                                                                                                                                                                              0.000000       
                                          3     1.3360  5.916E-01  5.916E-01  1.070E-04
                                          2     2.3250  4.082E-01  4.084E-01  4.970E-04
  8   3.222450   6.0  1  4.900E-13  1 u                      6+  0                                                                                                                                                                                                                              0.000000  0    
                                          3     1.3986  9.999E-01  1.000E+00  1.278E-04
  9   3.393410   2.0 -1  1.500E-14  2 c                 (1-,2-)  0                                                                                                                                                                                                                              0.000000       
                                          2     2.5584  6.324E-01  6.330E-01  1.004E-03
                                          1     3.3934  3.668E-01  3.670E-01  6.170E-04
 10   3.436880   2.0  1  8.000E-15  2 u                      2+  0                                                                                                                                                                                                                              0.000000       
                                          4     0.8172  2.911E-02  2.912E-02  2.204E-04
                                          2     2.6019  9.704E-01  9.709E-01  5.340E-04
 11   3.468000   4.0 -1             0 n                          0                                                                                                                                                                                                                              0.000000       
 12   3.514000   2.0 -1             0 n                          0                                                                                                                                                                                                                              0.000000       
 13   3.655230   4.0  1             1 u                      4+  0                                                                                                                                                                                                                              0.000000       
                                          3     1.8313  9.998E-01  1.000E+00  2.482E-04
 14   3.720030   1.0  1  1.660E-14  3 c                   1+,2+  0                                                                                                                                                                                                                              0.000000       
                                          5     0.8904  9.295E-02  9.297E-02  1.524E-04
                                          4     1.1004  1.317E-01  1.317E-01  1.129E-04
                                          1     3.7198  7.746E-01  7.753E-01  9.620E-04
 15   3.785710   4.0  1  2.800E-12  3 u                    (4)+  0                                                                                                                                                                                                                              0.000000       
                                          8     0.5637  2.818E-01  2.820E-01  7.780E-04
                                          7     0.6266  4.696E-02  4.698E-02  4.310E-04
                                          3     1.9615  6.708E-01  6.710E-01  3.010E-04
 16   3.798540   4.0  1  5.100E-14  3 u                      4+  0                                                                                                                                                                                                                              0.000000       
                                          7     0.6394  3.099E-01  3.101E-01  4.090E-04
                                          3     1.9743  3.874E-01  3.875E-01  3.070E-04
                                          2     2.9643  3.022E-01  3.024E-01  7.820E-04
 17   3.861020   2.0  1             2 u                      2+  0                                                                                                                                                                                                                              0.000000       
                                          4     1.2414  6.248E-01  6.248E-01  1.007E-04
                                          2     3.0261  3.749E-01  3.752E-01  7.580E-04
 18   3.870400   3.0 -1  2.800E-14  2 g                          0                                                                                                                                                                                                                              0.000000       
                                          4     1.2508  0.000E+00  0.000E+00  1.322E-04
                                          2     3.0346  0.000E+00  0.000E+00  1.258E-03
 19   3.925550   2.0  1             4 u                      2+  0                                                                                                                                                                                                                              0.000000       
                                         14     0.2056  1.449E-01  1.471E-01  1.495E-02
                                          5     1.0957  0.000E+00  0.000E+00  1.251E-04
                                          3     2.1011  0.000E+00  0.000E+00  3.940E-04
                                          2     3.0906  8.523E-01  8.529E-01  7.840E-04
 20   3.927690   2.0  1             1 u                      2+  0                                                                                                                                                                                                                              0.000000       
                                          1     3.9276  9.988E-01  1.000E+00  1.157E-03
 21   3.987420   1.0  1  4.200E-14  1 g                          0                                                                                                                                                                                                                              0.000000       
                                          9     0.5940  9.998E-01  1.000E+00  2.158E-04
 22   4.012900   0.0  1  1.400E-15  2 u                      0+  0                                                                                                                                                                                                                              0.000000       
                                          4     1.3943  0.000E+00  0.000E+00  1.261E-04
                                          2     3.1779  0.000E+00  0.000E+00  8.740E-04
 23   4.043300   5.0  1  2.800E-14  2 u                      5+  0                                                                                                                                                                                                                              0.000000  1    
                                          8     0.8204  8.437E-01  8.439E-01  2.184E-04
                                          3     2.2209  1.561E-01  1.561E-01  4.130E-04
 24   4.083250   3.0  1             5 c                (2,3,4)+  0                                                                                                                                                                                                                              0.000000       
                                         10     0.6463  3.390E-02  3.391E-02  3.970E-04
                                          7     0.9233  1.224E-01  1.225E-01  1.655E-04
                                          6     1.0093  2.075E-02  2.076E-02  1.354E-04
                                          4     1.4635  1.307E-01  1.308E-01  1.273E-04
                                          3     2.2594  6.918E-01  6.921E-01  4.300E-04
 25   4.126000   2.0  1             1 u                       2  0                                                                                                                                                                                                                              0.000000       
                                          6     1.0520  9.999E-01  1.000E+00  1.236E-04
 26   4.127050   3.0 -1             2 u                      3-  0                                                                                                                                                                                                                              0.000000       
                                          4     1.5082  3.147E-01  3.148E-01  2.980E-04
                                          2     3.2921  6.842E-01  6.852E-01  1.384E-03
 27   4.190800   2.0  1             2 u                      2+  0                                                                                                                                                                                                                              0.000000       
                                          2     3.3561  0.000E+00  0.000E+00  8.890E-04
                                          1     4.1898  0.000E+00  0.000E+00  1.248E-03
 28   4.217510   2.0  1             3 c                 (2)+,3+  0                                                                                                                                                                                                                              0.000000       
                                          4     1.5977  1.329E-01  1.329E-01  1.649E-04
                                          3     2.3948  3.741E-01  3.743E-01  5.290E-04
                                          2     3.3830  4.923E-01  4.927E-01  8.990E-04
 29   4.239100   2.0  1             2 u                      2+  0                                                                                                                                                                                                                              0.000000       
                                          4     1.6198  0.000E+00  0.000E+00  1.721E-04
                                          2     3.4039  0.000E+00  0.000E+00  9.070E-04
 30   4.256400   2.0  1             2 u                      2+  0                                                                                                                                                                                                                              0.000000       
                                          2     3.4214  0.000E+00  0.000E+00  9.140E-04
                                          1     4.2562  0.000E+00  0.000E+00  1.270E-03
 31   4.380950   2.0 -1             1 u                    (2-)  0                                                                                                                                                                                                                              0.000000       
                                          2     3.5459  9.985E-01  1.000E+00  1.495E-03
 32   4.451000   4.0  1             1 u                      4+  0                                                                                                                                                                                                                              0.000000       
                                          3     2.6270  9.994E-01  1.000E+00  5.910E-04
 33   4.458400   2.0  1             1 c                 1+,(2+)  0                                                                                                                                                                                                                              0.000000       
                                          1     4.4582  9.987E-01  1.000E+00  1.335E-03
 34   4.570800   3.0 -1             1 c                 (2-),3-  0                                                                                                                                                                                                                              0.000000       
                                          3     2.7468  9.989E-01  1.000E+00  1.114E-03
 35   4.583000   0.0  1             0 u                      0+  0                                                                                                                                                                                                                              0.000000       
 36   4.618000   1.0 -1             0 n                          0                                                                                                                                                                                                                              0.000000       
 37   4.633600   2.0  1             2 u                      2+  0                                                                                                                                                                                                                              0.000000       
                                          5     1.8040  0.000E+00  0.000E+00  2.630E-04
                                          4     2.0135  0.000E+00  0.000E+00  3.230E-04
 38   4.681500   8.0  1  5.500E-13  1 u                    (8)+  0                                                                                                                                                                                                                              0.000000  0    
                                          8     1.4591  9.999E-01  1.000E+00  1.404E-04
 39   4.689100   2.0 -1             0 n                          0                                                                                                                                                                                                                              0.000000       
 40   4.740000   2.0 -1             0 n                          0                                                                                                                                                                                                                              0.000000       
 41   4.844700   2.0 -1             1                        2-  0                                                                                                                                                                                                                              0.000000       
                                          2     4.0097  9.983E-01  1.000E+00  1.684E-03
 42   4.865000  -1.0  0             0                   (1-,4+)  0                                                                                                                                                                                                                              0.000000       
 43   4.872360   2.0  1             7                        2+  0                                                                                                                                                                                                                              0.000000       
                                         26     0.7454  3.591E-02  3.591E-02  1.280E-04
                                         20     0.9446  1.764E-02  1.764E-02  1.571E-04
                                         19     0.9468  2.961E-02  2.961E-02  1.563E-04
                                         10     1.4355  1.373E-01  1.373E-01  1.215E-04
                                          7     1.7124  0.000E+00  0.000E+00  2.256E-04
                                          6     1.7982  1.487E-01  1.487E-01  2.354E-04
                                          1     4.8723  6.299E-01  6.309E-01  1.462E-03
 44   4.921000  -1.0  0             0                            0                                                                                                                                                                                                                              0.000000       
 45   4.936000  -1.0  0             0                            0                                                                                                                                                                                                                              0.000000       
 46   4.997000  -1.0  0             0                            0                                                                                                                                                                                                                              0.000000       
 47   5.017000  -1.0  0             0                            0                                                                                                                                                                                                                              0.000000       
 48   5.026000  -1.0  0             0                            0                                                                                                                                                                                                                              0.000000       
 49   5.062000   4.0  1             0                        4+  0                                                                                                                                                                                                                              0.000000       
 50   5.085800   7.0  0             1                       (7)  0                                                                                                                                                                                                                              0.000000       
                                         23     1.0427  1.000E+00  1.000E+00  0.000E+00
 51   5.113600   2.0  1             2                        2+  0                                                                                                                                                                                                                              0.000000       
                                          2     4.2783  0.000E+00  0.000E+00  1.212E-03
                                          1     5.1139  0.000E+00  0.000E+00  1.527E-03
 52   5.156000  -1.0  0             0                            0                                                                                                                                                                                                                              0.000000       
 53   5.189620   2.0  1             3                        2+  0                                                                                                                                                                                                                              0.000000       
                                         24     1.1064  0.000E+00  0.000E+00  1.117E-04
                                          5     2.3582  0.000E+00  0.000E+00  5.150E-04
                                          1     5.1896  0.000E+00  0.000E+00  1.545E-03
 54   5.191000  -1.0  0             0                            0                                                                                                                                                                                                                              0.000000       
 55   5.215000  -1.0  0             0                            0                                                                                                                                                                                                                              0.000000       
 56   5.226560   2.0  1             3                        2+  0                                                                                                                                                                                                                              0.000000       
                                         31     0.8456  0.000E+00  0.000E+00  9.760E-05
                                          7     2.0670  0.000E+00  0.000E+00  3.780E-04
                                          2     4.3907  0.000E+00  0.000E+00  1.250E-03
 57   5.268460   2.0  1             4                        2+  0                                                                                                                                                                                                                              0.000000       
                                         20     1.3408  0.000E+00  0.000E+00  1.075E-04
                                         10     1.8313  0.000E+00  0.000E+00  2.482E-04
                                          2     4.4334  0.000E+00  0.000E+00  1.264E-03
                                          1     5.2683  0.000E+00  0.000E+00  1.566E-03
 58   5.275000   2.0  1             0                        2+  0                                                                                                                                                                                                                              0.000000       
 59   5.291300   2.0  1             2                        2+  0                                                                                                                                                                                                                              0.000000       
                                          2     4.4559  0.000E+00  0.000E+00  1.271E-03
                                          1     5.2913  0.000E+00  0.000E+00  1.573E-03
 60   5.294230  -1.0  0             3                     1+,2+  0                                                                                                                                                                                                                              0.000000       
                                          5     2.4642  1.307E-01  1.307E-01  0.000E+00
                                          4     2.6745  3.011E-01  3.011E-01  0.000E+00
                                          2     4.4593  5.682E-01  5.682E-01  0.000E+00
 61   5.321000  -1.0  0             0                            0                                                                                                                                                                                                                              0.000000       
 62   5.345700   2.0  0             1                         2  0                                                                                                                                                                                                                              0.000000       
                                          2     4.5106  1.000E+00  1.000E+00  0.000E+00
 63   5.363900   7.0  1  2.400E-13  4                        7+  0                                                                                                                                                                                                                              0.000000  1    
                                         50     0.2783  1.747E-02  1.747E-02  0.000E+00
                                         38     0.6823  6.026E-01  6.028E-01  3.450E-04
                                         23     1.3199  1.506E-01  1.507E-01  1.173E-04
                                          8     2.1413  2.290E-01  2.291E-01  3.780E-04
 64   5.387000  -1.0  0             0                            0                                                                                                                                                                                                                              0.000000       
 65   5.458000   2.0  1             0                        2+  0                                                                                                                                                                                                                              0.000000       
 66   5.498000  -1.0  0             0                            0                                                                                                                                                                                                                              0.000000       
 67   5.557000   4.0  1             0                        4+  0                                                                                                                                                                                                                              0.000000       
 68   5.586940  -1.0  0             4                     1+,2+  0                                                                                                                                                                                                                              0.000000       
                                         26     1.4601  8.835E-02  8.835E-02  0.000E+00
                                         24     1.5036  1.325E-01  1.325E-01  0.000E+00
                                          4     2.9671  3.775E-01  3.775E-01  0.000E+00
                                          2     4.7518  4.016E-01  4.016E-01  0.000E+00
 69   5.670000  -1.0  0             0                            0                                                                                                                                                                                                                              0.000000       
 70   5.698000  -1.0  0             0                            0                                                                                                                                                                                                                              0.000000       
 71   5.740000  -1.0  0             0                            0                                                                                                                                                                                                                              0.000000       
 72   5.771000  -1.0  0             0                            0                                                                                                                                                                                                                              0.000000       
 73   5.797900   7.0  0             2                       (7)  0                                                                                                                                                                                                                              0.000000  2    
                                         39     1.1109  1.863E-01  1.863E-01  0.000E+00
                                          8     2.5757  8.137E-01  8.137E-01  0.000E+00
 74   5.821500  -1.0  0             1                            0                                                                                                                                                                                                                              0.000000       
                                         14     2.1014  1.000E+00  1.000E+00  0.000E+00
 75   5.856400  -1.0  0             1                            0                                                                                                                                                                                                                              0.000000       
                                          2     5.0213  1.000E+00  1.000E+00  0.000E+00
 76   5.893000  -1.0  0             0                       (+)  0                                                                                                                                                                                                                              0.000000       
 77   5.935000  -1.0  0             0                            0                                                                                                                                                                                                                              0.000000       
 78   5.981000  -1.0  0             0                            0                                                                                                                                                                                                                              0.000000       
 79   6.113000  -1.0  0             0                            0                                                                                                                                                                                                                              0.000000       
 80   6.120000  -1.0  0             0                            0                                                                                                                                                                                                                              0.000000       
 81   6.142310  -1.0  0             2                            0                                                                                                                                                                                                                              0.000000       
                                         60     0.8479  6.173E-01  6.173E-01  0.000E+00
                                          9     2.7496  3.827E-01  3.827E-01  0.000E+00
 82   6.193000  -1.0  0             0                            0                                                                                                                                                                                                                              0.000000       
 83   6.212000  -1.0  0             0                            0                                                                                                                                                                                                                              0.000000       
 84   6.255000  -1.0  0             0                            0                                                                                                                                                                                                                              0.000000       
 85   6.289000  -1.0  0             0                            0                                                                                                                                                                                                                              0.000000       
 86   6.316390  -1.0  0             1                            0                                                                                                                                                                                                                              0.000000       
                                         24     2.2331  1.000E+00  1.000E+00  0.000E+00
 87   6.350000  -1.0  0             0                            0                                                                                                                                                                                                                              0.000000       
 88   6.374000  -1.0  0             0                            0                                                                                                                                                                                                                              0.000000       
 89   6.391000  -1.0  0             0                            0                                                                                                                                                                                                                              0.000000       
 90   6.421000  -1.0  0             0                            0                                                                                                                                                                                                                              0.000000       
 91   6.446200   9.0  0             1                       (9)  0                                                                                                                                                                                                                              0.000000       
                                         50     1.3604  1.000E+00  1.000E+00  0.000E+00
 92   6.510000  -1.0  0             0                            0                                                                                                                                                                                                                              0.000000       
 93   6.525000  -1.0  0             0                            0                                                                                                                                                                                                                              0.000000       
 94   6.556000  -1.0  0             0                            0                                                                                                                                                                                                                              0.000000       
 95   6.585000  -1.0  0             0                            0                                                                                                                                                                                                                              0.000000       
 96   6.617800   9.0  1             2                        9+  0                                                                                                                                                                                                                              0.000000  1    
                                         63     1.2542  6.802E-01  6.802E-01  1.127E-04
                                         38     1.9360  3.197E-01  3.198E-01  2.910E-04
 97   6.633000  -1.0  0             0                            0                                                                                                                                                                                                                              0.000000       
 98   6.658000  -1.0  0             0                            0                                                                                                                                                                                                                              0.000000       
 99   6.678000  -1.0  0             0                            0                                                                                                                                                                                                                              0.000000       
100   6.699000  -1.0  0             0                            0                                                                                                                                                                                                                              0.000000       
101   6.719520  10.0  1             1                     (10+)  0                                                                                                                                                                                                                              0.000000       
                                         38     2.0389  9.996E-01  1.000E+00  3.650E-04
102   6.726200  10.0  1             1                     (10)+  0                                                                                                                                                                                                                              0.000000  0    
                                         38     2.0425  9.996E-01  1.000E+00  3.670E-04
103   6.743000  -1.0  0             0                            0                                                                                                                                                                                                                              0.000000       
104   6.780000  -1.0  0             0                            0                                                                                                                                                                                                                              0.000000       
105   6.814000  -1.0  0             0                            0                                                                                                                                                                                                                              0.000000       
106   6.831000  -1.0  0             0                            0                                                                                                                                                                                                                              0.000000       
107   6.875000  -1.0  0             0                            0                                                                                                                                                                                                                              0.000000       
108   6.899000  -1.0  0             0                            0                                                                                                                                                                                                                              0.000000       
109   6.941000  -1.0  0             0                            0                                                                                                                                                                                                                              0.000000       
110   6.960000  -1.0  0             0                            0                                                                                                                                                                                                                              0.000000       
111   6.991000  -1.0  0             0                            0                                                                                                                                                                                                                              0.000000       
112   7.050000  -1.0  0             0                            0                                                                                                                                                                                                                              0.000000       
113   7.084000  -1.0  0             0                            0                                                                                                                                                                                                                              0.000000       
114   7.103000  -1.0  0             0                            0                                                                                                                                                                                                                              0.000000       
115   7.127000  -1.0  0             0                            0                                                                                                                                                                                                                              0.000000       
116   7.159000  -1.0  0             0                            0                                                                                                                                                                                                                              0.000000       
117   7.174000  -1.0  0             0                            0                                                                                                                                                                                                                              0.000000       
118   7.199000  -1.0  0             0                            0                                                                                                                                                                                                                              0.000000       
119   7.235300   9.0  0             3                       (9)  0                                                                                                                                                                                                                              0.000000       
                                         96     0.6176  2.240E-01  2.240E-01  0.000E+00
                                         63     1.8705  3.760E-01  3.760E-01  0.000E+00
                                         38     2.5549  4.000E-01  4.000E-01  0.000E+00
120   7.292100   9.0  0             3                       (9)  0                                                                                                                                                                                                                              0.000000  2    
                                         73     1.4943  3.481E-01  3.481E-01  0.000E+00
                                         63     1.9279  1.546E-01  1.546E-01  0.000E+00
                                         38     2.6106  4.973E-01  4.973E-01  0.000E+00
121   7.370000  -1.0  0             0                            0                                                                                                                                                                                                                              0.000000       
122   7.400000  -1.0  0             0                            0                                                                                                                                                                                                                              0.000000       
123   7.590000  -1.0  0             0                       (-)  0                                                                                                                                                                                                                              0.000000       
124   7.850000  -1.0  0             0                            0                                                                                                                                                                                                                              0.000000       
125   7.895000  10.0  0             1                      (10)  0                                                                                                                                                                                                                              0.000000       
                                         38     3.2134  1.000E+00  1.000E+00  0.000E+00
126   8.236900  11.0  1             2                     (11+)  0                                                                                                                                                                                                                              0.000000  1    
                                        102     1.5127  1.274E-01  1.274E-01  1.395E-04
                                         96     1.6192  8.724E-01  8.726E-01  1.906E-04
127   8.300000  -1.0  0             0                            0                                                                                                                                                                                                                              0.000000       
128   8.500000  -1.0  0             0                            0                                                                                                                                                                                                                              0.000000       
129   8.825400  12.0  1             1                     (12+)  0                                                                                                                                                                                                                              0.000000  0    
                                        102     2.1012  9.996E-01  1.000E+00  3.940E-04
130   8.859100  10.0  0             1                      (10)  0                                                                                                                                                                                                                              0.000000  2    
                                        120     1.5670  1.000E+00  1.000E+00  0.000E+00
131   8.990000  -1.0  0             0                         +  0                                                                                                                                                                                                                              0.000000       
132   9.154400  11.0  0             2                      (11)  0                                                                                                                                                                                                                              0.000000       
                                        119     1.9190  2.908E-01  2.908E-01  0.000E+00
                                        102     2.4302  7.092E-01  7.092E-01  0.000E+00
133   9.300000  -1.0  0             0                            0                                                                                                                                                                                                                              0.000000       
134   9.420000  -1.0  0             0                         +  0                                                                                                                                                                                                                              0.000000       
135   9.634400  12.0  1             1                     (12+)  0                                                                                                                                                                                                                              0.000000       
                                        102     2.9102  9.992E-01  1.000E+00  7.590E-04
136   9.971800  13.0  1             1                     (13+)  0                                                                                                                                                                                                                              0.000000  1    
                                        126     1.7348  9.998E-01  1.000E+00  2.344E-04
137  10.551600  11.0  1             1                     (11+)  0                                                                                                                                                                                                                              0.000000       
                                        102     3.8273  9.989E-01  1.000E+00  1.062E-03
138  11.115900  11.0  0             1                      (11)  0                                                                                                                                                                                                                              0.000000  2    
                                        130     2.2567  1.000E+00  1.000E+00  0.000E+00
139  11.785900  15.0  1             1                     (15+)  0                                                                                                                                                                                                                              0.000000  1    
                                        136     1.8141  9.997E-01  1.000E+00  2.660E-04
140  12.539900  13.0  0             1                      (13)  0                                                                                                                                                                                                                              0.000000       
                                        132     3.3854  1.000E+00  1.000E+00  0.000E+00
